version https://git-lfs.github.com/spec/v1
oid sha256:ea50b20f76d3322c1ff3fe698f3f570de4e370556f120d40e1485a02533b9c75
size 69110
