version https://git-lfs.github.com/spec/v1
oid sha256:7b9860dc4cd73e5c554b55fd6c09742ce6a013e79cf7a4e4e059011a0beb50d8
size 115257
