version https://git-lfs.github.com/spec/v1
oid sha256:3ffa7bb32f9e5b44cd48c6ea582dc65d5f9b3cf42f5c779aa6773d229439a59e
size 88119
