version https://git-lfs.github.com/spec/v1
oid sha256:1329e4b26dbe7f937afd4ad09458ccddf024113ef0c7fe522fc4c398f80a9ba3
size 86485
