version https://git-lfs.github.com/spec/v1
oid sha256:e18a1857257c421ff61a046c469cd09bac30f3035e29fead7bdbbe68d1fe36ef
size 47084
