version https://git-lfs.github.com/spec/v1
oid sha256:0d0f9460aa5a0e81e1c86d8d2a27dc1e69b1018fd1be3a7806adfffb4f42d8b3
size 688233
